-1.366 -0.16561
0.21512 0.49609
-0.31929 -0.92646
1.8542 -1.0476
0.59353 -2.6596
1.3083 -2.1481
-1.3973 0.77641
0.68019 -1.5625
-1.2993 2.0593
-0.46482 -1.9904
1.4284 -0.11851
-2.2589 -1.4933
-0.30959 1.0676
-0.24719 0.58164
-1.5036 0.5455
-0.45005 1.4126
1.3522 -0.47343
2.1892 -3.955
-0.52994 6.1977
-0.39585 -1.2104
-2.1924 5.8253
2.431 -3.3818
0.22646 0.2183
0.67534 -1.9324
-0.56979 4.3643
-1.5383 2.228
0.51697 -1.9509
-1.1559 3.0572
1.8275 -2.918
-0.43573 -0.51625
1.2821 -1.9127
0.3252 -1.5367
0.17494 -0.15839
0.47007 0.80466
0.2769 -0.53672
1.3 -1.5931
0.58567 -0.27794
1.9661 -2.7001
0.20314 1.9676
0.41224 1.0609
-0.59297 -0.56503
3.5052 -2.6473
-0.38153 -3.1781
1.2103 -2.2377
1.8476 0.25238
-2.8317 4.3358
-1.4236 0.6642
-0.43952 0.42084
-1.6149 2.6659
0.77365 -0.69982
-1.854 1.9065
1.1734 -1.7343
-1.3907 0.86802
-0.75963 -1.3031
-0.25535 -0.58466
-0.28783 -0.45167
-1.7531 0.78104
-0.78691 3.1634
1.6796 0.32842
1.4379 0.83343
-3.2344 6.1276
-2.0665 3.2942
2.2648 -1.2638
1.2069 -3.7186
-2.0786 2.8996
2.2311 -4.0704
0.87321 -3.3575
1.4889 1.6086
-0.60811 0.096803
1.3423 -3.8785
0.71089 -2.4518
0.36523 -0.40537
-2.0075 2.3331
-1.3498 0.34784
-0.44791 0.62084
-0.17913 0.25668
-0.33986 -2.6493
1.7715 -4.6677
-0.97366 -0.056505
-0.46281 1.6189
-0.63893 1.2114
-0.49171 -1.4104
-0.82347 -0.093452
-1.7004 2.3189
-2.3786 1.3539
-1.7677 0.89782
0.38182 -4.903
0.32165 -1.3639
-1.348 1.697
0.51065 -2.402
0.19463 -1.7472
-1.6903 -1.256
-0.34059 0.016325
-0.82859 -3.3163
-1.2604 1.2567
1.9559 -3.1037
-1.2042 -0.12205
-2.3476 4.8549
-2.4424 0.47698
-2.4966 2.3858
-1.7794 2.4647
2.2143 -6.1788
0.71642 2.1146
-1.0066 1.3133
1.4625 2.0049
1.5436 -4.661
-2.1278 1.4178
0.81905 -1.5789
-0.79016 1.6984
0.082667 1.8948
0.60003 0.78932
0.65298 -0.72196
1.8568 -3.5239
2.2346 -2.2497
4.0838 -4.6659
-1.2858 1.1055
1.0081 -2.917
-0.11668 -1.7522
-1.068 1.2918
2.8463 -3.3679
-1.9532 0.16689
-0.36686 0.30492
0.31368 -4.2521
-0.1315 -1.4525
1.8968 -1.8736
3.3854 -5.9056
2.6692 -1.6905
-1.2517 3.5391
-1.3582 3.8556
0.54047 -1.3883
-0.60559 -1.0025
-0.83896 2.4878
-1.3703 2.5686
0.32161 0.54867
0.05578 1.1875
-0.74911 -0.56722
-0.20714 0.34469
-0.054586 1.8151
1.4866 -3.3331
-2.0606 3.2704
-1.0366 4.4316
-0.65617 0.084088
-1.6236 5.1703
-0.67346 -0.08581
-2.7182 3.0223
1.1733 -2.977
-2.2242 5.386
3.5651 -4.9632
0.99602 -4.0824
1.4967 -1.7765
-0.40497 -1.9547
1.3956 0.4538
-0.14574 0.50236
0.22405 1.2589
1.5434 -3.9677
-1.757 -0.89639
1.4558 -1.1839
0.68038 -3.1268
0.53557 0.38046
0.43235 -0.016673
-1.3554 2.2776
0.84979 1.7302
-0.25521 -0.084823
-2.2688 0.97638
0.47395 0.39505
-3.1648 4.1831
-0.17529 -0.59187
-1.4499 0.74584
-1.0276 -0.62949
1.6496 -1.8643
1.0554 -0.88177
-0.94372 2.2576
1.2689 0.85259
-0.699 0.94377
0.72912 -2.208
-0.9213 -0.98462
3.7016 -3.7487
0.11681 0.71999
1.1385 -0.47356
0.74998 -1.8306
2.3513 -0.43747
-0.93203 -0.45251
-0.71284 1.4573
-0.68935 -0.11029
-0.32825 -0.28157
1.281 0.05054
-0.21355 2.5768
-0.20433 -1.9243
-1.6338 0.61174
0.89754 1.1894
0.52508 -3.73
0.21594 -0.83641
1.9146 -3.482
-0.96242 -1.2471
1.2662 -2.7671
-3.0392 1.9148
-1.5143 0.9713
-0.37694 -0.2679
1.4233 -0.52673
-0.32599 3.3358
1.3053 -5.9104
1.2369 -0.71582
-1.6189 3.2259
-0.34812 1.0243
-4.1837 6.5954
-0.80774 -0.63895
-0.44162 2.5695
1.3056 1.5086
2.2642 -0.074882
0.73985 -4.9326
-2.8157 5.804
-1.4587 2.5529
-0.93865 0.45507
-0.72014 2.4049
1.9974 -1.5927
0.41684 -1.3467
1.2483 -4.1234
1.5198 -2.0087
1.1355 1.4823
-0.16725 -2.1608
1.4236 -1.0118
-1.1534 2.6869
0.21099 -1.348
-2.2656 2.8756
-1.1412 0.080694
0.24499 1.5488
-1.5294 0.33298
0.11017 3.2091
-3.5227 2.7282
-0.63999 2.1107
0.17025 0.6887
-0.5466 0.27817
-0.41787 0.49084
2.8586 -2.5218
1.3843 -4.4324
-2.3704 6.1549
0.79282 -0.32883
1.5904 -1.414
0.51777 -2.3046
0.86407 -0.37474
-0.94544 1.0292
0.31579 -1.2539
0.092929 -0.40606
-0.57775 0.83156
0.97691 0.23446
0.022131 -1.4408
1.8968 -1.2803
-0.5309 -0.94111
3.4574 -6.3578
1.0199 -1.3999
-1.5629 -0.4545
0.80754 -2.2367
-1.9539 5.099
-0.19161 -0.1977
1.1406 -0.68045
-2.7081 -0.030533
0.32449 3.0847
1.1035 -0.25674
3.1808 -4.2074
-0.51519 1.9182
0.38506 -1.5069
-1.9883 1.9504
2.0986 -4.2635
-0.92384 2.0753
0.90632 -3.774
-1.1676 1.7382
1.1322 1.3745
1.5416 -2.6636
0.55746 -1.5245
2.123 -6.5928
-0.64098 1.2787
-0.57846 2.2917
1.2622 0.4767
2.3656 -2.8255
-0.83796 3.8433
-0.80984 -0.82812
0.93708 -3.3047
-1.5974 2.6026
-1.2396 -0.17722
2.3502 0.59247
2.9288 -3.8902
1.5751 0.068759
-0.19533 1.7829
1.1539 -0.48718
1.6403 -0.78149
-0.1676 1.0721
3.622 -4.3479
-0.69875 -0.060182
0.41189 1.6966
-1.4428 -0.60675
1.1125 -3.6389
1.236 -0.09467
-1.43 -1.4285
0.33426 1.4937
0.6294 -2.0901
0.39972 0.45522
0.15378 -0.46441
-1.055 -1.595
-2.4646 1.2774
0.0045931 -0.6553
2.0217 0.26357
-1.5476 -1.7167
-0.66247 1.3516
0.25015 0.19927
0.29168 1.4585
-1.3677 -0.72845
-1.3561 4.8961
1.0564 -1.9904
-1.1016 -0.053353
-0.64931 0.78545
-0.72785 1.966
-0.38985 -0.69442
-0.2703 3.1553
4.5681 -4.8858
-0.8742 0.24535
1.2674 -1.3401
-1.925 3.7071
-0.45213 -1.7721
-0.88907 3.039
-2.761 2.2738
0.31951 0.062857
1.5765 0.79641
0.94408 -3.33
-1.4259 3.2557
-0.75664 0.020317
-1.2569 4.0896
-0.2919 -1.0565
-0.18147 1.4076
-1.6363 0.40368
-2.8066 2.792
0.7569 -2.6203
0.45315 0.56405
0.28266 1.9278
0.12538 -0.42945
1.9053 -4.2185
2.4204 -3.9018
-0.9195 -2.1326
-1.8956 3.7505
0.34711 0.12577
0.31702 -0.021575
-0.36143 -1.4019
-1.6015 -0.56539
0.49313 -4.2317
-1.2575 1.2183
0.76147 -2.2627
-1.4467 0.57294
-0.36335 0.95847
-2.1614 2.7013
-1.1271 3.1083
-2.0805 3.4981
0.38816 -3.1644
-1.3753 1.1615
-2.6067 2.6917
0.15505 -2.0694
-0.25014 -1.0035
0.9221 1.3591
-1.418 2.0129
0.68064 0.25878
1.0118 -2.7868
-0.63075 2.9484
0.15612 1.3773
-1.1233 0.81711
0.80996 -4.762
-1.3484 -0.44166
-0.35903 -1.8708
1.187 -1.2002
1.024 -4.2299
1.4289 -4.4083
-0.26566 3.7763
-1.3781 -0.5188
-0.98284 1.8849
-2.2272 4.4454
0.87115 0.15774
-1.975 -1.8418
2.443 -4.4028
-0.48295 -0.28072
1.485 0.29277
1.8357 -4.8417
-0.39158 -1.1801
-0.24488 -2.5977
1.2701 -0.18657
-1.4421 3.3732
1.835 -1.2385
1.1864 -0.24118
-0.87336 2.0047
-0.23082 -0.80434
-0.43672 1.9711
1.8469 -1.8999
-1.995 1.502
-0.55697 -1.1627
-1.8819 5.5358
0.73422 -1.3465
0.41751 0.31289
1.7829 -0.91428
1.2813 -1.7797
-2.2508 0.59068
-1.7561 -0.18082
1.0694 -0.78109
3.6967 -3.4243
0.24722 -0.4664
-0.87548 1.2377
-1.6305 -0.70477
0.64842 -0.86143
-0.54662 2.5536
2.1413 -4.3935
-0.84651 1.1026
0.35804 -1.6497
1.9085 -1.3913
-3.8156 7.3818
-2.584 3.0382
-2.1755 1.5384
-0.74641 0.27118
-0.44672 -1.3724
-0.33802 3.6561
1.0313 -6.728
-1.3723 0.58424
0.28808 3.7521
-0.19626 0.89306
0.98452 -2.7032
-0.24033 0.02334
-1.3531 1.6425
0.51525 2.1597
2.3234 -1.4853
-1.0341 0.24947
2.4622 1.7292
-0.25882 2.8
-0.42528 -0.99085
-0.80179 0.71757
-1.0564 1.4965
2.5063 -1.675
-0.59773 2.2202
-0.21346 1.5556
-0.31135 2.0168
-2.3365 -0.011573
3.598 -2.8737
-0.39533 -2.8898
0.49493 0.85969
0.95876 -2.9713
1.4242 1.8976
1.913 -1.8224
-0.8878 0.972
3.2796 -4.9703
-0.24591 -1.6227
-1.5279 1.0609
2.324 -3.548
2.8637 -1.1756
-0.49835 1.6409
1.9705 -1.2415
0.90853 2.6664
-0.39677 0.63393
-0.45627 0.91861
1.2147 -1.0268
-1.5775 0.51343
-0.26177 -2.9549
1.6997 -2.9598
-0.32276 -0.0011356
-1.8446 1.0502
2.3743 -4.3921
0.34198 -0.74277
0.81157 0.46291
-1.3874 3.5735
0.077154 3.2696
-1.7342 0.81394
-0.3419 0.077612
-1.071 -0.15868
1.2103 -3.9945
2.623 -4.6948
-1.1795 0.59086
-0.017902 -1.2623
0.19888 -5.3254
0.19768 -0.76379
-0.63034 1.0671
0.20728 -1.2582
-0.82358 -1.6154
0.6449 -0.76093
-1.1115 3.1687
0.23507 -0.61803
0.29046 -0.081383
-0.6884 4.2683
-2.5965 5.0633
-1.2331 2.6251
-0.093719 0.27214
-3.6083 5.1838
1.9511 -1.8222
0.67299 -0.065173
-0.24497 -1.3047
0.038777 -1.9622
0.61171 -0.52455
-0.13943 1.5378
-1.0003 -1.1203
-0.2378 -0.049858
-0.32322 2.449
-2.3177 1.7294
-0.90486 4.7029
1.6067 -4.4074
-0.47792 5.7364
0.49393 1.5444
-1.2601 1.9484
-1.3495 0.67003
-0.96959 -1.35
7.9388 8.1672
11.161 11.353
9.4145 9.0378
13.279 12.352
10.115 8.6923
11.688 10.352
8.3988 9.0906
10.873 9.9626
9.2795 10.571
8.5678 7.7085
13.018 12.638
5.5957 5.3826
10.526 11.113
10.372 10.71
8.08 8.6839
10.461 11.247
12.686 12.151
12.29 9.8797
12.941 16.063
9.1203 8.6233
9.7298 13.047
13.042 10.854
11.029 11.084
10.662 9.5729
11.863 14.106
8.9399 10.367
10.365 9.3031
10.086 11.828
12.205 10.378
9.4289 9.2772
11.77 10.554
10.245 9.4274
10.73 10.613
11.791 12.075
10.706 10.384
11.977 10.912
11.407 11.14
12.575 10.823
11.946 12.854
11.827 12.248
9.1177 8.978
15.387 13.313
8.0671 6.6137
11.462 10.104
13.98 13.685
7.7567 10.497
8.2897 8.933
9.9359 10.239
9.0415 10.698
11.515 11.002
8.1927 9.5351
11.671 10.566
8.4609 9.1956
8.4116 7.9519
9.7176 9.492
9.7318 9.578
7.7579 8.5323
10.812 12.522
13.718 13.497
13.557 13.636
8.0112 11.71
8.5693 10.632
13.903 12.779
10.643 8.5692
8.331 10.205
12.303 9.8267
10.238 8.4141
14.075 14.518
9.4533 9.6376
10.8 8.6184
10.441 9.0927
10.938 10.659
8.149 9.7327
8.2496 8.723
10.03 10.432
10.317 10.482
8.4324 7.2258
11.144 8.4825
8.7081 8.9007
10.551 11.44
10.009 10.74
8.8372 8.265
8.9595 9.1003
8.6966 10.204
6.9409 8.134
7.7955 8.6298
8.5016 6.0401
10.334 9.6003
8.9929 10.119
10.106 8.8272
9.8938 9.0034
6.7543 6.5277
9.893 9.9778
7.1828 5.7634
8.9097 9.8032
12.335 10.39
8.2552 8.4682
8.9169 11.799
6.3446 7.1274
7.2935 9.0132
8.6337 10.23
11.116 7.6224
12.955 13.818
9.3999 10.263
14.245 14.885
10.735 8.1287
7.4294 8.5969
11.115 10.165
10.002 11.004
11.689 12.588
12.018 12.265
11.285 10.788
11.925 9.7989
13.308 11.713
15.327 12.144
8.7809 9.607
10.723 9.0825
9.328 8.5056
9.277 10.144
13.8 11.526
7.0591 7.5812
10.004 10.234
8.7353 6.6046
9.4656 8.7917
12.903 11.567
13.384 9.758
14.4 12.978
10.177 12.175
10.158 12.333
10.716 9.9215
8.855 8.5062
10.347 11.742
9.4305 10.984
11.383 11.576
11.252 11.815
8.8342 8.7286
10.314 10.528
11.397 12.288
11.361 9.41
8.5669 10.617
11.056 13.437
9.3594 9.5484
10.399 13.271
9.235 9.3456
7.2416 9.3198
10.989 9.282
9.4313 12.543
14.226 11.016
10.062 7.8597
12.233 11.034
8.6956 7.8401
13.273 13.177
10.512 10.788
11.596 12.155
11.115 8.8445
6.8309 6.7935
12.483 11.581
10.016 8.3472
11.677 11.741
11.273 11.167
9.2978 10.707
12.986 13.632
9.9919 10.008
6.9323 7.9178
11.574 11.658
7.0706 9.812
9.8584 9.6113
8.2869 8.9757
8.2963 8.2235
12.461 11.185
11.925 11.259
10.031 11.338
13.262 13.389
9.7535 10.369
10.608 9.3733
8.2938 8.025
15.139 12.486
11.106 11.429
12.299 11.813
10.852 9.7962
14.512 13.769
8.5663 8.5576
10.01 10.877
9.1928 9.2951
9.7519 9.6897
12.844 12.58
11.527 12.824
9.0751 8.1891
7.8807 8.5462
12.776 13.149
9.404 7.4784
10.432 9.9778
12.053 9.9336
8.0755 7.6888
11.272 9.6458
6.0537 7.6679
8.2941 9.1067
9.6714 9.6268
12.785 12.208
11.74 13.43
9.6192 6.4611
12.344 11.718
9.3414 11.27
10.432 11.007
6.551 10.691
8.6888 8.5617
11.111 12.455
13.688 14.124
14.554 14.006
9.1329 6.5762
8.5908 12.039
9.262 10.828
9.052 9.4845
10.517 11.844
13.239 12.016
10.515 9.7687
10.496 8.2167
12.147 10.83
13.366 13.828
9.0125 8.0034
12.52 11.708
9.8876 11.45
10.142 9.4416
7.9797 9.8846
8.4803 8.7772
11.792 12.487
7.9167 8.4235
12.459 13.989
5.6255 7.7429
10.5 11.667
11.186 11.481
9.664 9.9223
10.013 10.346
14.287 12.419
10.573 8.1128
9.5886 13.106
11.753 11.415
12.601 11.557
10.173 8.9391
11.857 11.48
9.3546 10.067
10.383 9.7047
10.445 10.228
9.9112 10.445
12.395 12.288
9.7499 9.0469
13.228 12.179
9.0237 8.6878
13.266 9.4049
11.577 10.668
7.4242 7.5571
10.734 9.4678
9.7628 12.674
10.045 9.9926
12.19 11.602
5.5856 6.1826
12.779 14.2
12.355 11.981
13.945 11.188
10.62 11.666
10.37 9.553
7.9738 9.3678
11.957 9.4176
9.9674 11.181
10.069 8.0363
9.3417 10.448
13.301 13.712
11.827 10.189
10.672 9.8076
10.724 7.0504
10.042 10.806
10.711 11.952
13.044 12.99
13.229 11.325
11.092 13.143
8.5813 8.363
10.382 8.5697
9.0385 10.66
8.1609 8.3551
15.075 14.831
13.663 11.117
13.386 13.064
11.125 12.032
12.32 11.823
13.038 12.289
10.785 11.342
14.666 11.741
9.2033 9.332
12.175 12.904
7.558 7.59
10.516 8.5021
12.683 12.358
7.1305 6.7615
11.924 12.572
10.492 9.3373
11.473 11.603
10.523 10.264
7.7173 7.1829
6.7433 7.9189
10.149 9.8304
14.301 13.972
6.7596 6.2776
10.043 10.848
11.062 11.102
11.827 12.468
7.627 7.5831
10.733 13.411
11.319 10.116
8.4786 8.7016
9.7565 10.284
10.262 11.379
9.4141 9.1658
11.742 13.331
16.082 12.683
9.0536 9.3699
12.057 11.122
9.0518 11.282
8.7105 7.9541
10.559 12.232
6.7537 8.4789
11.112 11.071
13.788 13.818
10.381 8.5547
9.7068 11.606
9.1428 9.3235
10.47 12.735
9.3927 8.9468
10.944 11.667
7.7622 8.3274
6.9555 8.9421
10.432 8.9915
11.629 11.8
12.068 12.938
10.491 10.255
11.632 9.1581
12.738 10.301
7.6675 6.8421
9.1286 11.374
11.197 11.179
11.061 10.979
9.0775 8.48
7.2936 7.3814
9.071 6.9096
8.8939 9.7682
10.636 9.368
8.1978 8.8022
10.369 10.915
8.0727 9.8695
10.166 11.927
8.6558 10.82
9.4665 7.8459
8.6498 9.5232
7.262 9.1548
9.6455 8.608
9.4973 9.0677
12.913 13.363
9.0394 10.335
11.873 11.844
10.802 9.2229
10.976 12.547
11.538 12.17
8.9166 9.5662
9.3532 6.8634
7.8192 7.9098
8.8247 7.9995
11.988 11.139
10.032 7.7516
10.666 8.2082
12.091 13.98
7.7233 7.7832
9.7563 10.891
8.91 11.567
12.162 12.042
5.9181 5.472
12.503 9.8187
9.4726 9.4457
13.346 13.153
11.165 8.4044
9.1446 8.6614
8.6325 7.4294
12.695 12.317
9.7419 11.702
13.139 12.125
12.513 12.128
10.02 11.188
9.6414 9.3039
10.791 11.845
12.798 11.46
7.7158 8.8941
8.8551 8.4176
10.133 13.239
11.089 10.271
11.427 11.484
13.223 12.377
11.841 10.69
6.7535 7.5481
7.2249 7.534
12.006 11.386
15.307 12.813
10.691 10.41
9.5955 10.393
7.1647 7.1916
11.2 10.636
10.912 12.272
11.963 9.351
9.5738 10.299
10.243 9.3627
13.189 12.083
7.6479 12.086
7.493 9.5485
7.4092 8.6459
9.2988 9.5988
8.9394 8.3755
11.894 13.741
8.6753 5.183
8.3386 8.9316
13.079 14.831
10.635 11.112
10.798 9.266
10.078 10.144
8.9536 10.055
12.616 13.546
13.887 12.643
8.7666 9.1211
15.901 16.183
11.568 12.982
9.1875 8.8035
9.4435 9.9722
9.4102 10.374
14.114 12.737
10.637 11.847
10.967 11.769
11.043 12.09
6.2681 6.7903
15.431 13.226
8.2002 6.8896
11.867 12.171
10.604 8.9483
14.116 14.714
12.96 11.645
9.4275 10.099
13.705 10.557
9.1654 8.4348
8.3186 9.1777
12.757 10.513
15.034 13.818
10.499 11.406
13.383 12.336
13.605 14.692
10.13 10.527
10.179 10.727
12.134 11.362
7.9286 8.5337
8.4061 7.0337
11.951 10.133
9.9157 9.988
7.74 8.6654
12.385 9.721
10.711 10.274
12.222 12.263
9.9507 11.995
12.433 13.999
7.8101 8.5961
9.9242 10.039
8.4762 8.6412
10.498 8.2896
12.669 9.8021
8.6909 9.2436
9.7753 9.1678
7.9391 5.3143
10.439 10.024
9.9452 10.605
10.185 9.5285
8.1246 7.5281
11.249 10.735
10.228 12.014
10.586 10.234
10.981 10.876
11.596 13.819
8.5811 11.62
9.7096 11.26
10.48 10.633
6.8174 10.144
13.029 11.706
11.681 11.498
9.3414 8.7647
9.494 8.5347
11.319 10.926
11.091 11.868
8.0766 7.7598
10.043 10.072
11.259 12.518
7.2569 8.6182
11.443 13.925
10.989 8.4906
12.782 15.669
12.24 12.877
9.2897 10.518
8.427 9.0564
8.0061 7.5711
